12 2 
9 11 
6 7 
3 8 
4 5 
10 1 
12 6 
7 10 
1 4 
5 3 
11 2 
8 9 
10 6 
4 7 
12 11 
3 1 
9 5 
2 8 
10 12 
7 3 
6 4 
1 9 
8 11 
5 2 
3 6 
8 12 
9 7 
2 1 
4 10 
11 5 
1 11 
7 2 
4 12 
6 9 
8 5 
10 3 
8 1 
3 4 
12 5 
10 9 
2 6 
11 7 
5 1 
2 10 
3 12 
4 9 
6 11 
7 8 
4 2 
9 3 
11 10 
5 7 
1 12 
8 6 
4 11 
10 8 
7 1 
2 3 
9 12 
6 5 
2 9 
8 4 
12 7 
11 3 
5 10 
1 6 
2 12 
11 9 
7 6 
8 3 
5 4 
1 10 
6 12 
10 7 
4 1 
3 5 
2 11 
9 8 
6 10 
7 4 
11 12 
1 3 
5 9 
8 2 
12 10 
3 7 
4 6 
9 1 
11 8 
2 5 
6 3 
12 8 
7 9 
1 2 
10 4 
5 11 
11 1 
2 7 
12 4 
9 6 
5 8 
3 10 
1 8 
4 3 
5 12 
9 10 
6 2 
7 11 
1 5 
10 2 
12 3 
9 4 
11 6 
8 7 
2 4 
3 9 
10 11 
7 5 
12 1 
6 8 
11 4 
8 10 
1 7 
3 2 
12 9 
5 6 
9 2 
4 8 
7 12 
3 11 
10 5 
6 1 
