1 11 
7 6 
10 2 
3 12 
8 5 
4 9 
1 12 
3 10 
5 7 
2 9 
4 8 
11 6 
12 11 
1 10 
7 4 
6 5 
9 3 
8 2 
5 11 
3 8 
2 7 
12 10 
4 6 
1 9 
10 11 
9 12 
5 4 
7 3 
8 1 
6 2 
11 4 
1 7 
3 6 
2 5 
12 8 
9 10 
6 1 
5 3 
8 10 
9 11 
7 12 
2 4 
1 5 
4 3 
11 2 
12 6 
10 7 
9 8 
6 10 
8 11 
7 9 
5 12 
4 1 
2 3 
9 6 
8 7 
10 5 
12 4 
11 3 
1 2 
9 5 
4 10 
7 11 
6 8 
3 1 
2 12 
5 8 
11 1 
9 4 
2 10 
6 7 
12 3 
10 3 
9 2 
7 5 
8 4 
12 1 
6 11 
11 12 
10 1 
4 7 
5 6 
3 9 
2 8 
11 5 
8 3 
7 2 
10 12 
6 4 
9 1 
11 10 
12 9 
4 5 
3 7 
1 8 
2 6 
4 11 
7 1 
6 3 
5 2 
8 12 
10 9 
1 6 
3 5 
10 8 
11 9 
12 7 
4 2 
5 1 
3 4 
2 11 
6 12 
7 10 
8 9 
10 6 
11 8 
9 7 
12 5 
1 4 
3 2 
6 9 
7 8 
5 10 
4 12 
3 11 
2 1 
5 9 
10 4 
11 7 
8 6 
1 3 
12 2 
1 11 
7 6 
10 2 
3 12 
8 5 
4 9 
1 12 
3 10 
5 7 
2 9 
4 8 
11 6 
12 11 
1 10 
7 4 
6 5 
9 3 
8 2 
5 11 
3 8 
2 7 
12 10 
4 6 
1 9 
10 11 
9 12 
5 4 
7 3 
8 1 
6 2 
11 4 
1 7 
3 6 
2 5 
12 8 
9 10 
6 1 
5 3 
8 10 
9 11 
7 12 
2 4 
1 5 
4 3 
11 2 
12 6 
10 7 
9 8 
6 10 
8 11 
7 9 
5 12 
4 1 
2 3 
9 6 
8 7 
10 5 
12 4 
11 3 
1 2 
9 5 
4 10 
7 11 
6 8 
3 1 
2 12 
5 8 
11 1 
9 4 
2 10 
6 7 
12 3 
10 3 
9 2 
7 5 
8 4 
12 1 
6 11 
11 12 
10 1 
4 7 
5 6 
3 9 
2 8 
11 5 
8 3 
7 2 
10 12 
6 4 
9 1 
11 10 
12 9 
4 5 
3 7 
1 8 
2 6 
4 11 
7 1 
6 3 
5 2 
8 12 
10 9 
1 6 
3 5 
10 8 
11 9 
12 7 
4 2 
5 1 
3 4 
2 11 
6 12 
7 10 
8 9 
10 6 
11 8 
9 7 
12 5 
1 4 
3 2 
6 9 
7 8 
5 10 
4 12 
3 11 
2 1 
5 9 
10 4 
11 7 
8 6 
1 3 
12 2 
1 11 
7 6 
10 2 
3 12 
8 5 
4 9 
1 12 
3 10 
5 7 
2 9 
4 8 
11 6 
12 11 
1 10 
7 4 
6 5 
9 3 
8 2 
5 11 
3 8 
2 7 
12 10 
4 6 
1 9 
10 11 
9 12 
5 4 
7 3 
8 1 
6 2 
11 4 
1 7 
3 6 
2 5 
12 8 
9 10 
6 1 
5 3 
8 10 
9 11 
7 12 
2 4 
1 5 
4 3 
11 2 
12 6 
10 7 
9 8 
6 10 
8 11 
7 9 
5 12 
4 1 
2 3 
9 6 
8 7 
10 5 
12 4 
11 3 
1 2 
9 5 
4 10 
7 11 
6 8 
3 1 
2 12 
5 8 
11 1 
9 4 
2 10 
6 7 
12 3 
10 3 
9 2 
7 5 
8 4 
12 1 
6 11 
11 12 
10 1 
4 7 
5 6 
3 9 
2 8 
11 5 
8 3 
7 2 
10 12 
6 4 
9 1 
11 10 
12 9 
4 5 
3 7 
1 8 
2 6 
4 11 
7 1 
6 3 
5 2 
8 12 
10 9 
1 6 
3 5 
10 8 
11 9 
12 7 
4 2 
5 1 
3 4 
2 11 
6 12 
7 10 
8 9 
10 6 
11 8 
9 7 
12 5 
1 4 
3 2 
6 9 
7 8 
5 10 
4 12 
3 11 
2 1 
5 9 
10 4 
11 7 
8 6 
1 3 
12 2 
